function [solar_rate] = solar()
% return the solar energy generation rate in KP, HK, 10 scenarios
solar_rate(:,1) = [0 0 0 0 0 0 0.007568 0.049192 0.128656 0.253528 0.291368 0.51084 0.658416 0.355696 0.268664 0.332992 0.1892 0.071896 0.007568 0 0 0 0 0]';  
solar_rate(:,2) = [0 0 0 0 0 0 0 0.034056 0.136224 0.22704 0.325424 0.556248 0.711392 0.613008 0.764368 0.741664 0.393536 0.0946 0 0 0 0 0 0]'; 
solar_rate(:,3) = [0 0 0 0 0 0 0.01892 0.083248 0.162712 0.461648 0.35948 0.476784 0.52976 0.6622 0.32164 0.261096 0.15136 0.060544 0.007568 0 0 0 0 0]';  
solar_rate(:,4) = [0 0 0 0 0 0 0.003784	0.052976 0.128656 0.162712 0.287584	0.351912 0.476784 0.329208 0.556248	0.488136 0.140008 0.011352 0 0 0 0 0 0]'; 
solar_rate(:,5) = [0 0 0 0 0 0 0 0.049192 0.174064 0.26488 0.39732 0.654632 0.836264 0.533544 0.431376 0.389752	0.20812	0.041624 0 0 0 0 0 0]';  
solar_rate(:,6) = [0 0 0 0 0 0 0 0.068112 0.2838 0.571384 0.673552 0.556248	0.552464 0.544896 0.367048 0.177848	0.13244	0.015136 0 0 0 0 0 0]';  
solar_rate(:,7) = [0 0 0 0 0 0 0 0.011352 0.03784 0.162712 0.314072 0.503272 0.828696 1	0.934648 0.703824 0.423808 0.087032	0.003784 0 0 0 0 0]';  
solar_rate(:,8) = [0 0 0 0 0 0 0.01892 0.071896 0.155144 0.238392 0.238392 0.329208 0.446512 0.541112 0.295152 0.2838 0.219472 0.102168 0.03784 0 0 0 0 0]';  
solar_rate(:,9) = [0 0 0 0 0 0 0 0.03784 0.098384 0.219472 0.351912	0.582736 0.70004 0.930864 0.764368 0.544896	0.2838 0.041624 0 0 0 0 0 0]';  
solar_rate(:,10) = [0 0 0 0 0 0 0 0.022704 0.071896	0.128656 0.238392 0.162712 0.280016	0.389752 0.476784 0.20812 0.128656 0.045408 0.003784 0 0 0 0 0]';  