function [t] = temperature()
% return the temperature in Austin (one day)
t = [29 28 27 27 26 25 24 27 29 32 33 34 35 37 37 37 37 37 36 34 33 32 31 29]';  % 2019/9/4
