function [wind_rate] = wind()
% return the solar energy generation rate in KP, HK, 10 scenarios
wind_rate(:,1) = [0.030880328	0.027178888	0.066547732	0.054480636	0.06031314	0.087798061	0.027178888	0.020687407	0.06031314	0.009149727	0.020687407	0.066547732	0.095775033	0.054480636	0.080276789	0.066547732	0.054480636	0.049036817	0.054480636	0.049036817	0.043968279	0.054480636	0.03926162	0.03926162]';  
wind_rate(:,2) = [0.027178888	0.06031314	0.034903438	0.03926162	0.03926162	0.023785715	0.015321771	0.023785715	0.003860041	0.015321771	0.023785715	0.009149727	0.009149727	0.054480636	0.104221106	0.153957108	0.165499256	0.122574171	0.122574171	0.023785715	0.01787056	0.06031314	0.002973214	0.006129602]'; 
wind_rate(:,3) = [0.020687407	0.015321771	0.034903438	0.010974758	0.020687407	0.03926162	0.03926162	0.027178888	0.006129602	0.030880328	0.020687407	0.027178888	0.049036817	0.043968279	0.027178888	0.030880328	0.01787056	0.023785715	0.015321771	0.007539143	0.004907703	0.013027638	0.06031314	0.043968279]';  
wind_rate(:,4) = [0.001143716	1.79E-05	6.03E-05	0.001143716	0.01787056	0.002973214	0.002973214	0.002973214	0.009149727	0.066547732	0.020687407	0.06031314	0.049036817	0.030880328	0.03926162	0.043968279	0.013027638	0.030880328	0.013027638	0.020687407	0.020687407	0.006129602	0.002973214	0.003860041]'; 
wind_rate(:,5) = [0.009149727	0.027178888	0.01787056	0.006129602	0.0007662	0.009149727	0.049036817	0.043968279	0.030880328	0.054480636	0.023785715	0.020687407	0.06031314	0.06031314	0.03926162	0.03926162	0.03926162	0.009149727	0.03926162	0.03926162	0.030880328	0.023785715	0.01787056	1.30E-02]';  
wind_rate(:,6) = [0.030880328	0.034903438	0.03926162	0.023785715	0.027178888	0.015321771	0.006129602	0.009149727	0.020687407	0.043968279	0.049036817	0.023785715	0.01787056	0.01787056	0.034903438	0.013027638	0.034903438	0.009149727	0.01787056	0.0007662	0.054480636	0.000142964	0.030880328	0.030880328]';  
wind_rate(:,7) = [0.01787056	0.01787056	0.009149727	0.003860041	0.027178888	0.095775033	0.003860041	0.003860041	0.015321771	0	0.0007662	0.001143716	0.013027638	0.080276789	0.020687407	3.49E-02	0.054480636	0.034903438	0.023785715	0.010974758	0.027178888	0.01787056	0.003860041	0.010974758]';  
wind_rate(:,8) = [0.06031314	0.080276789	0.066547732	0	0.054480636	0.054480636	0.073197814	0.087798061	0.122574171	0.049036817	0.013027638	0.013027638	0.043968279	0.023785715	0.03926162	0.049036817	0.043968279	0.034903438	0.030880328	0.030880328	0.095775033	0.080276789	0.043968279	0.020687407]';  
wind_rate(:,9) = [0.030880328	0.010974758	0.023785715	0.004907703	0.020687407	0.03926162	0.080276789	0.003860041	0.023785715	0.023785715	0.009149727	0.000482505	0.030880328	2.38E-02	0.009149727	0.027178888	0.03926162	0.010974758	0.013027638	0.01787056	0.034903438	0.010974758	0.003860041	0.004907703]';  
wind_rate(:,10) = [0.122574171	0.217431104	0.231921894	0.190285723	0.073197814	0.203556848	0.217431104	0.247042621	0.087798061	0.104221106	0.095775033	0.06031314	0.087798061	0.03926162	0.023785715	0.010974758	0.009149727	0.015321771	0.004907703	0.003860041	0.001143716	0.009149727	0.023785715	0.003860041]';  